000101
000104
000105
000106
000107
000108
000109
000110
000111
000113
000114
000116
000117
000118
000120
000202
000204
000205
000206
000211
000212
000213
000217
000219
000220
000301
000302
000303
000304
000305
000307
000310
000311
000312
000314
000315
000316
000317
000318
000319
000401
000402
000404
000405
000406
000408
000409
000410
000412
000415
000420
000501
000503
000504
000509
000510
000511
000512
000513
000514
000515
000516
000518
000601
000602
000603
000604
000605
000606
000607
000609
000610
000611
000612
000614
000616
000617
000619
000620
000703
000704
000706
000707
000708
000709
000710
000711
000712
000713
000714
000715
000717
000718
000719
000804
000805
000806
000808
000809
000813
000814
000815
000816
000817
000818
000819
000901
000902
000903
000904
000905
000906
000907
000908
000911
000912
000913
000914
000916
000917
000918
000919
000920
001001
001003
001004
001005
001010
001011
001012
001013
001015
001016
001017
001018
001019
001020
001101
001102
001103
001104
001105
001106
001107
001108
001109
001110
001111
001112
001119
001120
001201
001204
001205
001206
001210
001211
001212
001213
001214
001216
001218
001219
001304
001305
001306
001307
001309
001310
001311
001312
001314
001316
001317
001318
001319
001320
001401
001402
001403
001404
001405
001406
001407
001408
001409
001410
001411
001413
001414
001416
001417
001419
001420
001502
001503
001505
001507
001510
001511
001513
001515
001516
001517
001518
001519
001520
001601
001602
001603
001604
001607
001609
001611
001612
001614
001616
001617
001618
001620
001701
001702
001703
001704
001709
001711
001712
001713
001714
001716
001718
001719
001720
001803
001804
001805
001808
001809
001810
001811
001812
001813
001814
001816
001818
001902
001903
001906
001907
001909
001912
001913
001914
001915
001917
001918
001919
001920
002001
002002
002004
002005
002006
002007
002008
002009
002011
002012
002014
002015
002016
002018
002019
002101
002102
002103
002104
002105
002106
002107
002109
002110
002111
002112
002113
002114
002115
002119
002120
002201
002202
002203
002204
002205
002206
002210
002211
002212
002213
002214
002215
002216
002217
002218
002219
002302
002303
002304
002306
002307
002308
002309
002310
002312
002313
002314
002315
002316
002317
002318
002319
002401
002402
002403
002406
002407
002408
002410
002411
002412
002413
002414
002416
002417
002502
002503
002504
002506
002507
002509
002510
002511
002512
002514
002516
002518
002519
002520
002601
002605
002607
002609
002611
002612
002613
002614
002615
002617
002618
002619
002701
002702
002703
002705
002706
002708
002710
002711
002712
002713
002714
002715
002717
002719
002801
002802
002803
002804
002805
002806
002807
002811
002812
002815
002816
002817
002819
002820
002901
002903
002904
002905
002906
002907
002908
002909
002910
002911
002916
002917
002919
002920
003001
003004
003005
003006
003007
003008
003009
003010
003011
003012
003014
003015
003017
003018
003019
003020
003101
003103
003105
003106
003108
003109
003110
003112
003113
003114
003115
003117
003118
003119
003120
003201
003203
003204
003207
003209
003210
003211
003212
003213
003214
003215
003216
003218
003219
003220
003301
003303
003305
003306
003307
003308
003309
003310
003312
003313
003314
003317
003320
003401
003402
003403
003404
003405
003406
003410
003411
003412
003414
003416
003417
003418
003419
003420
003502
003503
003504
003506
003507
003508
003509
003510
003511
003513
003514
003515
003516
003517
003518
003519
003601
003605
003606
003608
003609
003610
003612
003613
003614
003615
003616
003617
003618
003619
003620
003701
003703
003704
003705
003706
003707
003709
003711
003713
003719
003801
003802
003803
003804
003805
003806
003814
003815
003816
003817
003818
003901
003902
003903
003904
003905
003906
003907
003908
003911
003913
003914
003915
003916
003917
003918
003919
004001
004002
004003
004004
004005
004006
004008
004010
004011
004012
004013
004015
004016
004018
004019
004020
